01
0202
030303
04040404
0505050505
060606060606
07070707070707
0808080808080808
090909090909090909
10101010101010101010
1111111111111111111111
121212121212121212121212
13131313131313131313131313
1414141414141414141414141414
151515151515151515151515151515
16161616161616161616161616161616
1717171717171717171717171717171717
181818181818181818181818181818181818
19191919191919191919191919191919191919
2020202020202020202020202020202020202020
19191919191919191919191919191919191919
181818181818181818181818181818181818
1717171717171717171717171717171717
16161616161616161616161616161616
151515151515151515151515151515
1414141414141414141414141414
13131313131313131313131313
121212121212121212121212
1111111111111111111111
10101010101010101010
090909090909090909
0808080808080808
07070707070707
060606060606
0505050505
04040404
030303
0202
01


